Bvets Vehicle Parameters 1.00
FirstCar = M
LoadCompensating = false
[Compressor]
UpperPressure = 784000
LowerPressure = 686000
CompressionSpeed = 5300
[Bc]
ApplyStart = 0
ApplyStop = 0
ReleaseStart = 0
ReleaseStop = 0
ApplySpeed = 623.1827
ReleaseSpeed = 500
;PistonArea = 0.562415		; C編成 (ブレーキ力改造車)
PistonArea = 0.5		; N編成 (ブレーキ力未改造車)
VolumeRatio = 20
[Sap]
ApplySpeed = 180.7957
ReleaseSpeed = 239.4975
[Bp]
ApplySpeed = 52.42742
ReleaseSpeed = 990.2853
[LockoutValve]
InitialPressure = 40000
MaximumPressure = 320000
RegenerationLimit = 0
[SMEE]
MaximumPressure = 440000
PressureRates = 0,0.005681818,0.011363636,0.017045455,0.022727273,0.028409091,0.034090909,0.039772727,0.045454545,0.051136364,0.056818182,0.0625,0.068181818,0.073863636,0.079545455,0.085227273,0.090909091,0.096590909,0.102272727,0.107954545,0.113636364,0.119318182,0.125,0.130681818,0.136363636,0.142045455,0.147727273,0.153409091,0.159090909,0.164772727,0.170454545,0.176136364,0.181818182,0.1875,0.193181818,0.198863636,0.204545455,0.210227273,0.215909091,0.221590909,0.227272727,0.232954545,0.238636364,0.244318182,0.25,0.255681818,0.261363636,0.267045455,0.272727273,0.278409091,0.284090909,0.289772727,0.295454545,0.301136364,0.306818182,0.3125,0.318181818,0.323863636,0.329545455,0.335227273,0.340909091,0.346590909,0.352272727,0.357954545,0.363636364,0.369318182,0.375,0.380681818,0.386363636,0.392045455,0.397727273,0.403409091,0.409090909,0.414772727,0.420454545,0.426136364,0.431818182,0.4375,0.443181818,0.448863636,0.454545455,0.460227273,0.465909091,0.471590909,0.477272727,0.482954545,0.488636364,0.494318182,0.5,0.505681818,0.511363636,0.517045455,0.522727273,0.528409091,0.534090909,0.539772727,0.545454545,0.551136364,0.556818182,0.5625,0.568181818,0.573863636,0.579545455,0.585227273,0.590909091,0.596590909,0.602272727,0.607954545,0.613636364,0.619318182,0.625,0.630681818,0.636363636,0.642045455,0.647727273,0.653409091,0.659090909,0.664772727,0.670454545,0.676136364,0.681818182,0.6875,0.693181818,0.698863636,0.704545455,0.710227273,0.715909091,0.721590909,0.727272727,0.735795455,0.744318182,0.752840909,0.761363636,0.769886364,0.778409091,0.786931818,0.795454545,0.803977273,0.8125,0.821022727,0.829545455,0.838068182,0.846590909,0.855113636,0.863636364,0.872159091,0.880681818,0.889204545,0.897727273,0.90625,0.914772727,0.923295455,0.931818182,0.940340909,0.948863636,0.957386364,0.965909091,0.974431818,0.982954545,0.991477273,1,1
LeverDelay = 0.6
SapBcOffset = 0
SapBcRatio = 0.97
[MainCircuit]
RegenerationLimit = 0
NotchDelay = 0
BrakePriority = false
[Dynamics]
MotorcarWeight = 43900		; 空車
;MotorcarWeight = 50390		; 積車 (定員)
MotorcarCount = 2
TrailerWeight = 34000		; 空車
;TrailerWeight = 40490		; 積車 (定員)
TrailerCount = 1
CarLength = 20
;RunningResistanceFactor = 0.1, 2, 763.2
RunningResistanceFactor = 0.26, 8, 500
[Cab]
HoldingSpeedNotchCount = 5
BrakeText = 緩解,15°,15°,16°,16°,17°,17°,17°,18°,18°,19°,19°,19°,20°,20°,21°,21°,21°,22°,22°,23°,23°,23°,24°,24°,25°,25°,25°,26°,26°,27°,27°,28°,28°,28°,29°,29°,30°,30°,30°,31°,31°,32°,32°,32°,33°,33°,34°,34°,34°,35°,35°,36°,36°,36°,37°,37°,38°,38°,38°,39°,39°,40°,40°,41°,41°,41°,42°,42°,43°,43°,43°,44°,44°,45°,45°,45°,46°,46°,47°,47°,47°,48°,48°,49°,49°,49°,50°,50°,51°,51°,51°,52°,52°,53°,53°,54°,54°,54°,55°,55°,56°,56°,56°,57°,57°,58°,58°,58°,59°,59°,60°,60°,60°,61°,61°,62°,62°,62°,63°,63°,64°,64°,64°,65°,65°,66°,66°,67°,67°,67°,68°,68°,69°,69°,69°,70°,70°,71°,71°,71°,72°,72°,73°,73°,73°,74°,74°,75°,75°,75°,76°,76°,77°,77°,77°,78°,78°,79°,79°,80°,非常
BrakeNotchCount = 160
PowerNotchCount = 5
AtsCancelNotch = 3
MotorBrakeNotch = 25
[ViewPoint]
X = -0.73
Y = 2.7
Z = -1
